$ANSIBLE_VAULT;1.1;AES256
35653932633134653566623462356233396466386234383736636234613366623835386138643162
3539373966343861386334303564626434393638613231370a656566356261653861393062386164
37656263646431643365653338386535343866656535646466613864343365356262366462336431
6635303530663330370a643036393264323163356464396134346632343135396434656662663737
39376437356336343036333362666538643937633863336136323564373864343066313432326464
63323230366134393462343439383961323565313139316662373036376136303462373561363461
62393635386433373539313662623230383337343337633632303263356665643239386564656265
30653233613931623230373961353532656261303831636134356562643139386532616461393830
64653062623733356435346434316538333834383131633166653436616662383035373163396337
37643038353332663937383637373133643462653838636365383461393031656164363739336461
39353736663732383862363734383032333962303033363766366438636232336330613638303163
30366663353864376166356562323930323437343835616634623730333739633432336435356538
38376135333964383937373137633931623562346163663137613734313031383662383239376438
66373137646461363833393462646361313939306235366334626661346633373832396464336561
32386336306266343930646634313962656666666561343230643166326139333034373866636135
34353737373862643033636537333134643032393166376135316262386463623637666262616234
38383436343332623030666230313934666637366366373164353338366535383061616462636262
39306634353631313235333434626230383838353633303937303766663931666438313133666261
36333138336132626666656565343635313236376638363435386133353865333262653532646665
64383465643861316461396332373538343138396464356439383532623931626663333763353637
64666633613330396335366661316334333234356637643935623662313530303761303730393365
66323731626165666463333134373734616639353764316664356431303738313336306164616163
33363138373261383766633838343935363664626263643062386438646138373866653261383461
37663139613432376236393764393862336239643461306138393038373766386266343432663130
31666166633164666662343731653835376138313238613531373261363637363534
