$ANSIBLE_VAULT;1.1;AES256
35313661383963376137653461646539386532646530363465633331343337653965363137396365
6436666638616337353233643035633162656336646239330a333338333832343561393961356461
61383966393662663032353532323932326439656234343130626434653336333034376165666436
3264313262386532300a323139373239346431323436633338643563333638393530656639333432
34623535336136373732336433366232666639623466623561326236303533383437613639613736
35353334386133376331643237323133336662666462373365343930383866383764336465303335
64383330313735353261326239313366346362393438633431396530363165363932333962646261
66613262376139376163323339643234353434646436616532366330656633383763653833633339
37363166613666323936323734373865323237636639356561373633336532393236343634313763
39663638316161623631383538383135316462643664346336376462363665336663663065383937
65373938343163386130303765306133633935383166333561353363613265383835376232666662
39616131613532363964396135353663356230653732303361393237396131666463323633613131
31366237353266343530333039313038376364326665343261373763653333633462393333633661
34393039303263383835376338306530633364303863396262336564383230393666643236323763
32623535333833643765303131346330306663346166333465303961346465343332666138353761
64396136623834323733623761326636343633623430396463366236303361336466303235346262
66353466666237303361383165353466316531393735656231613132313362303132333839653039
37643934396661666561666131383561653539336664356565656133613930636666333565633362
65333164366466666266613636373865393531386636613434636163633838613061623134393562
32616536376639616537633730303631386434333836346231623462396463336166343438343939
39356462383935316463313732313932653137353033656236656662333034326636376538633563
30363262623530623064656232346133613736303762376561333366313964396133616530663334
64343030323936363866653965353932656265353235366538326435623866643237623238396466
39323030646433663464643734623630363232313932303866356333316163396162386437646462
31313634373363633562333132643264616334363865626461313964306533633230636439396335
36653363373765353332383134386565313735373833313562373833383338373531653262333838
39326263393032643734646337623864353436353530366238356436353033303363383563623133
64623762666364636538
