$ANSIBLE_VAULT;1.1;AES256
30313365636466656662303535653837393163643332663337306539633733313963316539333430
3438313931396464633139653365643566636530333764340a313137336162616138393163623433
63623633633834386435626337666637623865363864363362316239373736393334643762386164
3938383135313161340a613437666638356237326137636337613230663464393563376463626161
33323539343761393338633532343461616362633437656164313963656436353162666462613766
65343939383637633366623661346263376162653566313737646236666236393631653133623561
36373238386265623064376331303438663061613130343336353132663438343038393735326461
64636334363065396631666638346138303063303433656633343735323062653765376530383733
34366137353965663534336337616438346439643636626363326165353537633939333236306566
37383736393837363432636461336131386266653039396139366565353731343430383863633636
35626539393461363736306634303665323434323833316634623966363433333632303633343362
36373432303763643761313661626365633239396538333632643239313563303231613962613231
39333434626538646564366338643632653762373032356231643537306665363130303666313430
38323637343739373330323165343738326436316130643562666161346433306564326631376333
35613433663064326564343665376132666537383361333736313032323735323938306139326330
30636562346433666161386230386664316239306538633739613031313961656138383238656331
37323436323538626131386637346364396134666666643366653064633433633934336332633765
63613032323664633733356565383763353132353265616462316539636636653739313535353035
66386464353964373537396137393737663830323032346131623161613366666335306233646665
37306363353662383332383831656364313337303834356434373034636166396133363130356234
34346464363730663835353266646331613036333864613336353739363164393934393464626530
3538356538356436376533646239343434323531336661313036
